time,x,y,z,phi,theta,psi,x_velocity,y_velocity,z_velocity,phi_velocity,theta_velocity,psi_velocity,rotor_speed1,rotor_speed2,rotor_speed3,rotor_speed4
0.06,-3.05356378292e-07,-9.58802855071e-08,10.0041008589,6.28295186146,0.000275285858243,0.0,-2.63595874043e-05,-1.41999315404e-05,0.136687974349,-0.0131036332965,0.0124691018374,0.0,447.7426841893616,448.75572678050275,449.0611511725872,447.9972194933777
0.12000000000000001,-1.14804577531e-05,-9.74855824581e-06,10.0180750228,6.28224768947,0.000784934934716,0.0,-0.00042062907952,-0.000393607029749,0.329081039578,-0.00913275785409,-0.000958462327807,0.0,466.43834144640226,465.3886053573281,464.58782186587905,464.8991341872817
0.18,-5.35398489094e-05,-5.52410461472e-05,10.0411558356,6.28138000111,0.00119164219507,0.0,-0.00100284293755,-0.00119302942536,0.44024238587,-0.0281238216207,0.0189499498789,0.0,439.65432387507127,441.30038264641115,441.4246369776273,439.8550099845476
0.23999999999999996,-0.000144018482062,-0.000172514649098,10.07149097,6.2793039914,0.00238724129013,0.0,-0.00213736659799,-0.00291117689113,0.57087133209,-0.0525012515762,0.0218116490429,0.0,447.1440545397391,447.3770543100792,447.2078056784624,445.21741815996813
0.3,-0.000326653434156,-0.000439199391568,10.1088016505,6.27656320448,0.00342122804698,0.0,-0.00407226941627,-0.00627663866219,0.672761245854,-0.0346856532858,0.00599080675906,0.0,438.5589176783307,437.24299509466636,437.0737993313198,438.55451237762645
0.36000000000000004,-0.000663219684359,-0.00100133015742,10.1579839449,6.27410617391,0.00351762461659,0.0,-0.00717815697557,-0.0127502318883,0.966444920836,-0.0580090728412,-0.00904702468733,0.0,495.59093480873804,494.4845355276336,495.94429324216765,494.2276567335414
0.4200000000000001,-0.00117951620014,-0.00201015090729,10.2233945475,6.27070400353,0.00279859209778,0.0,-0.00995378960006,-0.0213007661214,1.21367502376,-0.054211581027,-0.0186214139761,0.0,482.6865788464453,481.96370752933007,482.1723924776103,482.45723389917026
0.48000000000000015,-0.00183187375924,-0.00356673222443,10.2998529636,6.26756601136,0.00137491174935,0.0,-0.0116604036067,-0.0309191854561,1.33480062188,-0.0487283638293,-0.0366474917296,0.0,446.1925143257122,444.71848793283624,444.4126876498826,444.8600665822702
0.5400000000000001,-0.00255283454577,-0.00577226629623,10.3839738786,6.26482678353,6.28265895811,0.0,-0.0121535534515,-0.0428985014055,1.46906172724,-0.0401235065211,-0.0232627196448,0.0,449.9807654524898,451.06249690832794,447.99087540543985,448.688715299957
0.6000000000000002,-0.00326532227845,-0.00875399955828,10.4762400153,6.26352344272,6.28157874013,0.0,-0.0114648581438,-0.0566735544646,1.60628935693,0.000990043322096,-0.00914666385413,0.0,449.95561910953626,451.09689854005666,449.23747496085565,452.5583510473946
0.6600000000000003,-0.00391891119498,-0.0125909366645,10.5772424386,6.26449926115,6.28294823211,0.0,-0.010403185575,-0.0711517071921,1.76023481809,0.0363757787982,0.0537744726569,0.0,454.52563514317137,459.54033368430095,454.01908311307295,456.8490672272236
0.7200000000000003,-0.00455054389093,-0.0172414209712,10.6860638546,6.2668746082,0.00270121807831,0.0,-0.0109710688911,-0.0836262123559,1.86698106512,0.0453440058797,0.0370341650879,0.0,442.31322190922924,440.93397342759397,442.2053482670742,442.9442324607284
0.7800000000000004,-0.00527596235185,-0.0225950344951,10.8016677926,6.26936032294,0.00565360438316,0.0,-0.0134877204866,-0.0945502762228,1.98628694674,0.0321492815168,0.0663720448453,0.0,445.7328066714615,448.1251912262999,446.38943165696156,445.31235788798597
0.8400000000000004,-0.00625088596837,-0.0286169300266,10.929098601,6.27153683866,0.00969426851142,0.0,-0.019519361103,-0.105909418201,2.26090523491,0.043459544679,0.0692205504884,0.0,492.71661480823883,492.93005446099113,492.43254047787,493.26887699055055
0.9000000000000005,-0.00764861304624,-0.0352136399216,11.068756178,6.27415172827,0.0136422751832,0.0,-0.0275028680075,-0.113699167205,2.3940763713,0.0438242114587,0.0578938045227,0.0,452.7087379162331,451.79955625122966,452.13007302464706,452.1604788367933
0.9600000000000005,-0.00965257405976,-0.0422465457177,11.2193858107,6.27682159727,0.018090499744,0.0,-0.0397840579369,-0.120405024684,2.62640295485,0.0458117143148,0.0950843673102,0.0,481.1211800752629,483.93210065460534,482.0437466008816,482.1948679256838
1.0200000000000005,-0.0124293561566,-0.0495904660144,11.3796497449,6.27939384425,0.024071938571,0.0,-0.0533591987795,-0.124123692311,2.71551058814,0.0362248628513,0.10759276059,0.0,439.73813652512314,440.7816527416322,440.38240635017013,439.58973551323254
1.0800000000000005,-0.0161474570243,-0.0571077758106,11.5453579727,6.28138650549,0.0306302163818,0.0,-0.0712283079751,-0.126241965381,2.80785792761,0.0263763875982,0.112522917404,0.0,441.75044959064707,442.16739754032494,441.6926212074544,440.88010235396797
1.1400000000000006,-0.0211182952744,-0.0647159215347,11.7180348122,6.28277441871,0.0371882200091,0.0,-0.095173904743,-0.127201360534,2.94766255985,0.015692436933,0.101924489867,0.0,457.4075002176988,456.5728261682304,457.17349216046443,456.3214557329678
1.2000000000000006,-0.0276372980303,-0.0723524935213,11.8983118444,0.00133286927709,0.0437650646002,0.0,-0.122777990549,-0.127202887753,3.06124678291,0.0474143649844,0.121717140158,0.0,449.77839906111967,451.38874338897114,447.29879464110957,449.87495414676624
1.2600000000000007,-0.0359468200154,-0.0799466246734,12.0852140487,0.00388098439445,0.0509342463464,0.0,-0.154938897303,-0.125655389112,3.16849812979,0.0300747032537,0.114608275866,0.0,448.5271118912975,447.9620933073754,449.0917064464408,447.68395723918417
1.3200000000000007,-0.0464828134457,-0.0873864085832,12.2813917096,0.00595392450281,0.0576103126794,0.0,-0.197024691102,-0.122112012349,3.3701375912,0.0422588175273,0.10357974899,0.0,477.9080127369485,477.0766343498158,477.01069079487456,477.940631780055
1.3800000000000008,-0.0596453399871,-0.0945674642895,12.4887228673,0.00865747916754,0.0644351947895,0.0,-0.242434163762,-0.116965596363,3.54033752798,0.0501407924485,0.128778130277,0.0,467.7511528650297,469.7199044326289,469.87984254373515,470.49154180869465
1.4400000000000008,-0.0754933755224,-0.101403408507,12.7032223168,0.0124372061227,0.0722157203487,0.0,-0.28657428844,-0.110563984124,3.60936697592,0.080841292275,0.131410409765,0.0,440.2552742040362,440.48858774431693,437.37713519048935,439.9294145328036
1.5000000000000009,-0.0942004628102,-0.107764187836,12.9226120993,0.0179559405154,0.0804903918929,0.0,-0.337791702154,-0.100937516052,3.70324751706,0.108065135514,0.148473629565,0.0,446.63235566147057,448.0391795052123,447.472025712004,449.68957041459896
1.560000000000001,-0.116570764244,-0.113332429813,13.152688109,0.0243703571254,0.0892672185297,0.0,-0.40892591844,-0.0838786025375,3.96495871324,0.104485831324,0.14149366776,0.0,499.66157243707164,499.16986590148286,497.6272458692895,497.37384760519933
1.620000000000001,-0.142609351409,-0.117945203032,13.3894215281,0.0307584254431,0.0976964285395,0.0,-0.45972777998,-0.0693640670277,3.92619622514,0.110160178065,0.138395586433,0.0,408.0681136058678,407.8117221163558,406.7319420344748,407.25091957972353
1.680000000000001,-0.172043511731,-0.121514448967,13.6259073381,0.0371667909935,0.1062629696,0.0,-0.522173886176,-0.0490203688199,3.95644053983,0.0990814401619,0.150337987013,0.0,430.37135138609784,431.4006353368935,430.63811250628817,429.710255916368
1.740000000000001,-0.205210211369,-0.123809101955,13.8625653711,0.0427758345414,0.115381917484,0.0,-0.584149220615,-0.0269833372085,3.93211598472,0.0789076702367,0.155080024767,0.0,412.2868760025292,412.7293693553176,414.0722352560398,412.3014715337042
1.8000000000000012,-0.242322263813,-0.124663932296,14.0983482369,0.0481328438827,0.124703871383,0.0,-0.653725095963,-0.00107454343366,3.92718064773,0.104545739869,0.155930877164,0.0,419.004595823223,419.10299178287767,418.88590737763633,421.1165782692074
1.8600000000000012,-0.284298555372,-0.123662887712,14.3379421354,0.0547164651735,0.133676241,0.0,-0.746406326109,0.0350986816175,4.05861827729,0.118466534477,0.132006402783,0.0,464.19938443285446,462.3376853535621,462.99607305068935,464.1000659278073
1.9200000000000013,-0.331834129299,-0.120425606913,14.5839902681,0.0621669468276,0.141599959032,0.0,-0.838858837063,0.0735116132498,4.1424831997,0.133657708913,0.13217274556,0.0,450.2479569819974,450.2771964158878,449.28048245829774,450.52420355749064
1.9800000000000013,-0.384514000978,-0.114980581353,14.8311312759,0.0700716822673,0.149603167445,0.0,-0.917799859203,0.108630213267,4.09553191172,0.127622158583,0.135708172964,0.0,407.81706723152246,408.15087877754877,408.4072843764922,407.8861652837476
2.0400000000000014,-0.443034257596,-0.106846406726,15.0817945421,0.077765791331,0.15744130031,0.0,-1.03367403454,0.163305796273,4.25903558246,0.1294325614,0.117843297934,0.0,476.2846016945415,474.9304660634266,475.65011864740484,475.80259125638247
2.1000000000000014,-0.508598015452,-0.0953007080772,15.341706966,0.0856791483174,0.16464943751,0.0,-1.15246893215,0.222342245371,4.40387756017,0.136393890967,0.124361931095,0.0,471.44685995171136,471.9623681583827,471.7214787514738,472.2736096484143
2.1600000000000015,-0.580994829568,-0.080276971388,15.6075477596,0.0938811182792,0.172498978755,0.0,-1.26145038585,0.279190715148,4.45698418487,0.137303144376,0.141339226865,0.0,444.7709652927794,446.1748401216241,444.7612356929676,444.8529740042694
2.2200000000000015,-0.659917749732,-0.0617784558104,15.8755708273,0.101618142352,0.180544422742,0.0,-1.37004713892,0.338125712024,4.47672514881,0.101714919889,0.112851311982,0.0,436.99981997821516,434.63484660329686,436.5546835176477,433.58945366660663
2.2800000000000016,-0.745886228979,-0.0393971898665,16.1468217058,0.108190008019,0.18771273427,0.0,-1.49620051621,0.408492268608,4.56429179533,0.121792526113,0.130195096514,0.0,457.26671455919904,458.65862898540473,457.2045395852393,458.8115469141021
2.3400000000000016,-0.839383586961,-0.0127696614507,16.4222791147,0.114995985601,0.195236800354,0.0,-1.62106234068,0.479717637142,4.61704275672,0.0861458116475,0.113502375129,0.0,449.2436806848012,447.9019389811575,449.80090870867645,446.9150913556031
2.4000000000000017,-0.940318126903,0.0181355198049,16.6998577754,0.120792017905,0.201887241312,0.0,-1.74400922637,0.550911997639,4.63516706549,0.111948774366,0.10490670882,0.0,438.7296868300991,438.0263569735514,437.5035592338502,439.6547615284124
2.4600000000000017,-1.04894228744,0.0535309555463,16.9793891571,0.128132328099,0.208356020385,0.0,-1.87735272008,0.629541017387,4.68196521564,0.137612588253,0.113066036783,0.0,447.29300275561985,447.9671672867617,448.7499705957202,450.84159673164703
2.520000000000002,-1.16483693247,0.093261715357,17.2576658516,0.13670673048,0.214787534816,0.0,-1.98637408437,0.695454299248,4.59393249791,0.151805176488,0.0916248588898,0.0,405.76197321837583,403.8432883476674,403.423172244506,404.72395592701025
2.580000000000002,-1.28926404026,0.138264526621,17.5391634348,0.145778272269,0.220328588199,0.0,-2.16164593258,0.805522965507,4.78796869082,0.149939275966,0.0937637967367,0.0,495.8511770547657,496.0145167227383,494.5647750593312,494.44629307612047
2.640000000000002,-1.42359070505,0.189585300757,17.8289153734,0.154679589534,0.226069513251,0.0,-2.31638578975,0.905946047604,4.86956092658,0.144986983715,0.0992638035027,0.0,464.1083430217083,464.54723651977775,463.8003650384725,463.43084180870346
2.700000000000002,-1.5662417132,0.246373600424,18.1188626958,0.164174977822,0.232026251462,0.0,-2.43917770733,0.987691332554,4.79522384205,0.176495140644,0.09930926217,0.0,414.30954542564655,414.3228086250998,412.7239686186798,415.52088311000915
2.760000000000002,-1.71833380811,0.309585515587,18.4124876197,0.174817026734,0.237883576241,0.0,-2.6310174176,1.12036937909,4.99069088245,0.179055030258,0.0940170266292,0.0,500.6221648876902,500.2438735327988,500.8813128962976,501.0939032568339
2.820000000000002,-1.88081424942,0.380083241635,18.7126184513,0.185392321655,0.244325060338,0.0,-2.78551393272,1.23041325,5.0129315145,0.169976837776,0.125672100551,0.0,449.9412717312091,452.50663448476774,450.4030854316434,449.6976033482949
2.880000000000002,-2.05230875047,0.457076611506,19.0124765478,0.195445946597,0.251845463367,0.0,-2.93161209433,1.33679305075,4.98181754149,0.162235384838,0.124668239111,0.0,434.47403000086655,434.4045252015325,435.10305000396124,434.48183345051933
2.940000000000002,-2.2333253463,0.541078021032,19.3127346549,0.204609494175,0.25947294899,0.0,-3.10290247611,1.46398590224,5.02580606641,0.115691239579,0.131629199997,0.0,459.7902361466807,460.3555835516185,462.9395613985843,459.28150057577517
3.000000000000002,-2.42554119765,0.633443892934,19.6183359005,0.211540806701,0.26827353208,0.0,-3.30497892615,1.61531614314,5.1593772268,0.115181296766,0.166569671505,0.0,488.0920055443946,490.7102729008548,491.79071413025235,491.76345221456455
3.0600000000000023,-2.62947981794,0.734553173064,19.929682838,0.218341743418,0.278336917862,0.0,-3.49380034011,1.75539866928,5.21763793327,0.109410208509,0.169932568882,0.0,470.756941748291,471.0423003808722,470.35663105967194,469.9200392618021
3.1200000000000023,-2.84482912752,0.844080970823,20.2439864325,0.225394923721,0.288618996392,0.0,-3.68533866262,1.89590969747,5.25796547256,0.130217639772,0.174090734697,0.0,466.8542646010801,467.20526315417663,467.02913155580893,468.6609492278519
3.1800000000000024,-3.07128249515,0.961704117818,20.5586530577,0.232909833551,0.298695439856,0.0,-3.86393539498,2.02531344169,5.23007854142,0.112791388234,0.151353670042,0.0,448.4417254692364,446.61693828114164,448.5376020181058,447.1337825973126
3.2400000000000024,-3.3084352389,1.08704406781,20.8709256572,0.239691466892,0.30759277614,0.0,-4.04188757147,2.15305911508,5.17832718113,0.113494344199,0.141330468666,0.0,441.2024368795199,440.39469560233505,442.05608789461564,442.1254543192603
3.3000000000000025,-3.55641864568,1.22013026922,21.179981768,0.246336434811,0.315772130746,0.0,-4.2249075947,2.28350506902,5.12285921879,0.104606750684,0.123741877223,0.0,442.33676286688063,440.9027225873646,442.2360513840544,441.51409667964265
3.3600000000000025,-3.81588593837,1.36138872928,21.4866666145,0.252051332504,0.323137396838,0.0,-4.42458463217,2.42538929342,5.09908385851,0.0598866794751,0.120704703958,0.0,454.0822859089246,453.85181440103736,455.9839356180846,452.40318475196005
3.4200000000000026,-4.08712008795,1.51095290598,21.7907973952,0.255780738331,0.330492586256,0.0,-4.61716245056,2.56016921221,5.03798508204,0.0663471402815,0.126103569586,0.0,443.285172890187,443.7423244748616,442.8287821863606,443.36281027831217
3.4800000000000026,-4.37036301483,1.66886451088,22.0920568054,0.260057417791,0.338334662309,0.0,-4.8248767903,2.70362216996,5.0031289644,0.0796583625036,0.138588780579,0.0,453.94830234113863,454.96444940816826,452.5837519481572,453.65785961805494
3.5400000000000027,-4.66608531897,1.83531946351,22.3907422842,0.264502568728,0.347306920645,0.0,-5.03321727553,2.84496969991,4.95218508495,0.059593150518,0.165416001642,0.0,448.3020134510736,450.49729387412384,452.1468128782898,450.5310427932213
3.6000000000000028,-4.97522273438,2.01081813817,22.6882303691,0.267882231092,0.357228877484,0.0,-5.27207577557,3.00486528422,4.96272092139,0.0488352608536,0.165265788972,0.0,472.80449824199235,472.8172293176004,473.6908764433117,472.86459984724814
3.660000000000003,-5.29773523153,2.19510331021,22.9832494503,0.270725385284,0.367235518933,0.0,-5.47913116514,3.13791426419,4.87053986198,0.0443181411064,0.1696371886,0.0,440.61432605171996,441.0024845972562,441.6681208076643,441.29667242876235
3.720000000000003,-5.63372482056,2.38797446117,23.2748153696,0.273193316972,0.377631953012,0.0,-5.72125976565,3.2909046372,4.84707160422,0.0338487676345,0.179694684736,0.0,466.23727661667533,467.0497846216648,466.84514162242465,466.02810630382737
3.780000000000003,-5.98265748609,2.58879963154,23.5605276686,0.27576441702,0.3881732709,0.0,-5.91072650445,3.40323113013,4.67638523674,0.0565563017031,0.166164192068,0.0,417.77887499706634,416.62887865437415,416.06332461099277,418.0483739942876
3.840000000000003,-6.3440335942,2.79695706303,23.8380366562,0.278905559363,0.397982460258,0.0,-6.13591626608,3.53525515056,4.57309732409,0.0422400740464,0.157515630602,0.0,442.31593233977793,441.6284920608135,444.0024442565287,442.82776593293266
3.900000000000003,-6.71971900574,3.01343243215,24.1106474334,0.282557915108,0.407823015825,0.0,-6.38762248485,3.68039891708,4.51275065127,0.0837603448314,0.174560108506,0.0,459.00049413991775,460.3759467437881,458.1814083354422,461.4736474643731
3.960000000000003,-7.11014677169,3.23826457486,24.3782771978,0.288263130262,0.417898766764,0.0,-6.62739706117,3.81400071693,4.40721248953,0.111372800835,0.149426395098,0.0,447.72709810866814,445.70326522094905,445.7278396866511,447.98672604655815
4.020000000000002,-7.51503245882,3.47107096041,24.6392038257,0.295097498328,0.426843485178,0.0,-6.8694759885,3.94630186318,4.28935673151,0.118540293031,0.148374781684,0.0,444.4882601455964,444.4229150302999,444.93365491163445,445.53174570852684
4.080000000000001,-7.93600044402,3.71274204347,24.8958295382,0.30283157225,0.435880914384,0.0,-7.16328262564,4.10939585433,4.26303930625,0.144142966799,0.154775211094,0.0,480.0017132012843,480.5067737174092,477.3911139331304,479.3547543085445
4.14,-8.37280116696,3.96298855747,25.1466419987,0.311257273415,0.444883491736,0.0,-7.39747626421,4.23233510483,4.09653446264,0.131723302582,0.138341458484,0.0,434.46429757243686,433.10537585092663,434.0075648820039,432.9823425732817
4.199999999999998,-8.8263931278,4.22231022671,25.3924523338,0.318729979682,0.452907890703,0.0,-7.72257205442,4.41160938435,4.09499182337,0.103630568461,0.122441907945,0.0,494.2034715030763,493.04421076325195,495.4491405084331,493.3907475510116
4.259999999999997,-9.29840198302,4.49161367316,25.6355095932,0.325041824415,0.460615106251,0.0,-8.01152467417,4.56502530244,4.00546474411,0.10815776789,0.138355541027,0.0,468.02063099192685,469.27194928799435,468.4708301190116,468.8318574146087
4.319999999999996,-9.78716911823,4.76965467067,25.8716092833,0.331478080702,0.468643130351,0.0,-8.28131871056,4.70290101087,3.86336584204,0.10543716062,0.122644617553,0.0,454.6282382281996,453.3831663583491,452.6897489849067,452.4805717569366
4.379999999999995,-10.2941222316,5.05715180136,26.1024453988,0.337430777162,0.476272914494,0.0,-8.61737684813,4.87997727004,3.82908430557,0.0823183932213,0.134933142448,0.0,493.80501642278426,494.7238248243663,494.8417090826639,493.143581523644
4.439999999999993,-10.8185976703,5.35346002008,26.3258889841,0.342800861999,0.484588257709,0.0,-8.86591287268,4.99681498081,3.61832759734,0.100962197022,0.145041667262,0.0,435.0705778897683,435.934581665354,434.1631823373632,435.7319383179625
4.499999999999992,-11.3585512143,5.65700954394,26.5372629261,0.348663530036,0.494076800577,0.0,-9.13325803423,5.12128959422,3.42642691034,0.0902600732323,0.176217493448,0.0,443.0373907623698,445.61714645541264,445.1085656026758,444.23965578709783
4.559999999999991,-11.9132607807,5.96706873894,26.7344131365,0.354727654755,0.505202200854,0.0,-9.35804369231,5.21389989493,3.1447946818,0.116801583217,0.199351304052,0.0,411.25613478788364,413.3366229842232,409.834133526757,412.1968012575643
4.6199999999999894,-12.4844442528,6.28440866753,26.919261824,0.361742083454,0.517572108133,0.0,-9.68195627776,5.3636167836,3.01477722285,0.117117239828,0.217136300053,0.0,470.8063690033257,472.21959986946575,473.00643225587504,473.0420861211374
4.679999999999988,-13.0756296511,6.61091124538,27.096631796,0.368737720834,0.530805290043,0.0,-10.0247011179,5.5191848182,2.89518987062,0.115527322235,0.226624470939,0.0,480.73450145937915,481.49713349203245,481.43588872300404,481.32655946106917
4.739999999999987,-13.686288937,6.94589166861,27.2644714322,0.376416005797,0.543966303042,0.0,-10.3312346585,5.64632801221,2.69765307775,0.145401819749,0.198016860603,0.0,459.2743334492947,457.0440271465746,456.7665543290503,459.15762649650276
4.799999999999986,-14.3139831156,7.28750763977,27.4178337756,0.385249759684,0.556357722886,0.0,-10.5927193031,5.74060613783,2.41335785677,0.150650231104,0.21962225071,0.0,426.4778851841795,428.36326327716307,428.475548361773,428.94285885340315
4.859999999999984,-14.959313277,7.6357974804,27.5565541632,0.394474081991,0.569943963212,0.0,-10.9187645053,5.86848910024,2.20856318636,0.159286742067,0.237408512527,0.0,461.1313058631829,462.5830944582679,464.44739894897174,465.1456431988622
4.919999999999983,-15.622716001,7.9906920835,27.680288374,0.404050485356,0.583978900825,0.0,-11.1953673982,5.96089645095,1.91450811369,0.160238293305,0.225827593863,0.0,433.535657053369,432.6170310219007,432.56943380991515,432.6745394031753
4.979999999999982,-16.3019856008,8.35052216163,27.7848910297,0.413430383155,0.598011843837,0.0,-11.4477904795,6.03305324687,1.57124088125,0.147088807681,0.246428129533,0.0,414.6956857822231,416.5601219859621,415.9759538539178,414.84718664130355
5.0399999999999805,-16.9991682856,8.71612431175,27.8721590455,0.421989247936,0.612477406976,0.0,-11.7919756964,6.15281511064,1.33538171873,0.131839748571,0.227444713363,0.0,465.45914380209194,464.025426208467,464.6043991541109,463.4246517058227
